3 4
+----------+----------+----------+----------+
|  4  7  2 | 10  1  3 |  9  6 11 | 12  5  8 |
|  1 10  9 | 11  2  8 | 12  3  5 |  6  4  7 |
|  6 12  8 |  7  4  5 | 10  1  2 | 11  3  9 |
|  5  3 11 |  9  6 12 |  8  4  7 |  1  2 10 |
+----------+----------+----------+----------+
| 11  6  4 |  2  5  9 |  1  7 10 |  3  8 12 |
|  8  1  3 |  6 12  4 |  5  2  9 |  7 10 11 |
| 10  2 12 |  8  3  7 |  4 11  6 |  5  9  1 |
|  7  9  5 |  1 10 11 |  3  8 12 |  2  6  4 |
+----------+----------+----------+----------+
| 12  4  6 |  3  8  2 |  7  9  1 | 10 11  5 |
|  9  5 10 |  4  7  6 | 11 12  3 |  8  1  2 |
|  2  8  1 | 12 11 10 |  6  5  4 |  9  7  3 |
|  3 11  7 |  5  9  1 |  2 10  8 |  4 12  6 |
+----------+----------+----------+----------+
